x = 3.0000318979108087
y = -2.499987992353051
z = 6.999999283215615

x = 1.99491217268
y = 0.996995242152
z = 0.9982312450740001

