k = 2.7586206896551726
y = 2.310344827586207
z = 1.4137931034482758

k = 3.658536585365854
y = 12.195121951219512
z = 0.0

