x = 2.7586206896551726
y = 2.310344827586207
z = 1.4137931034482758

x = 0.07142857142857144
y = 0.09821428571428574
z = 0.07142857142857144
k = 0.18750000000000003
l = 0.25000000000000006
m = 0.18750000000000003
n = 0.42857142857142866
o = 0.5267857142857144
p = 0.4285714285714286

x = 3.658536585365854
y = 12.195121951219512
z = -0.0

