x = 3.0000224965986395
y = -2.500001950113379
z = 6.999984796825397

x = 1.9746989300000002
y = 0.9809524300000001
z = 0.9871088200000001

x = does not converge
y = does not converge
z = does not converge

