k = 2.7586206896551726
y = 2.310344827586207
z = 1.4137931034482758

