x = 2.7586206896551726
y = 2.310344827586207
z = 1.4137931034482758

x = 0.07142857142857144
y = 0.09821428571428571
z = 0.07142857142857141
k = 0.18750000000000003
l = 0.25
m = 0.18749999999999997
n = 0.4285714285714286
o = 0.5267857142857143
p = 0.42857142857142855

x = 3.658536585365854
y = 12.195121951219512
z = -0.0

