y = 8.02158693115519 + 0.362485414235706X
y = 0.5259999999999996 + 0.3890909090909094X
y = 22.18703125000002 + 3.73806640625X
