y = 8.021586931155184 + 0.36248541423570657X
y = 0.5259999999999997 + 0.3890909090909092X
y = 22.187031250000018 + 3.7380664062499966X
