y = -73791.8445312442 + 37.38066406249709X
y = -43319.83203125579 + 22.048372395836243X
y = -0.6189285714285724 + 0.005899523809523809X
