y = 8.021586931155184 + 0.36248541423570657
y = 0.5259999999999999 + 0.3890909090909092
y = 22.187031250000032 + 3.7380664062499966
